756.6040393380065 244.0676874999301 312.63643573936776 -10 1785.0566931262316 779.4400804756715 487.18947452302206 -479 17491.38313161026855 769.8202533949814 202.10351524364182 1145 5848.59874033445221 584.6773815095064 400.242882505571 1445 58549.845635574612 615.5261561989814 106.96363833732815 7202 58250.95031803460168 897.1716424025346 891.1068760229554 4519 58289.68879822328535 408.14325289290184 526.8571396123469 77 58175.6275002490118 947.56280127013 492.91536990354666 6311 58935.6161302929468 715.7188946660484 432.95375483827974 6148 58585.3963202100342 826.2369121778772 568.1268695799712 7559 58495.9083062463934 323.892687812028 283.0809164868446 3539 58173.54760634792265 294.94005872998173 344.7655810683711 5203 58947.5856726944884 896.0473884354342 384.86360741984885 5402 58
468.04642325948396 890.7393703192711 827.0963922210981 7003 58
274.0772722272801 904.9777203250026 762.5518267527868 8452 58
505.5247389290198 387.8079881299741 54.19694173434928 9315 58
550.639250902952 76.16761142723637 273.40151204438286 1222 58
9.885110340262358 981.5063032954565 699.7704866806714 4369 58
721.0906403370109 393.65673983399273 301.4163095018763 3211 58
822.2142683115155 747.6673036594467 80.24042988072081 6969 58
712.2165127290796 506.6747372886167 162.41746864063776 8914 58
797.719890092151 699.016155368264 351.1852039716085 4355 58
834.3178875425835 271.63128661639234 626.7603155454259 7251 58
793.4927471913836 24.764397060388895 574.6989010641744 9679 58
503.8379272482164 547.5197348005364 782.8403352549274 1874 58
761.425400306173 451.19907553927294 661.1541640785732 9800 58
664.4599148140819 820.1161036204621 893.0367437130975 5873 58
607.6240145545383 675.5120181804016 754.6331814466754 2398 58
302.3919899875938 525.2750346331651 753.2990189069914 6500 58
722.9924494640584 430.3175923777512 641.3228179443931 7490 58
466.6803007817913 692.0698173020905 61.83876419754492 6650 58
862.9932713834415 914.4148159130876 125.96028791475976 7873 58
959.4638145879779 598.387679606082 140.04179301366872 6608 58
108.78314872796345 954.0144018031901 838.6000515681286 8296 58
272.04818454244025 472.47020280641163 810.0574833744322 8624 58
599.1418645674805 321.0605605759311 936.1859569573325 5514 58
300.74735527481016 762.0853203348619 911.07195729903 3436 58
401.64884153744015 19.848481116688436 219.18438831075693 1926 58549.254999191626 745.857495516626 632.80666123143 6285 58406.291492943889 605.1012392874816 772.8253244417888 7126 58912.6497424000544 386.31556579265236 904.4018942354107 507 58115.02896402839657 477.48010802136787 527.2359897034212 3369 58